(kicad_pcb (version 20171130) (host pcbnew "(5.1.4)-1")

  (general
    (thickness 1.6)
    (drawings 18)
    (tracks 829)
    (zones 0)
    (modules 73)
    (nets 134)
  )

  (page A4)
  (layers
    (0 F.Cu signal)
    (1 In1.Cu signal)
    (2 In2.Cu signal)
    (31 B.Cu signal)
    (32 B.Adhes user)
    (33 F.Adhes user)
    (34 B.Paste user)
    (35 F.Paste user)
    (36 B.SilkS user)
    (37 F.SilkS user)
    (38 B.Mask user)
    (39 F.Mask user)
    (40 Dwgs.User user hide)
    (41 Cmts.User user)
    (42 Eco1.User user)
    (43 Eco2.User user)
    (44 Edge.Cuts user)
    (45 Margin user)
    (46 B.CrtYd user)
    (47 F.CrtYd user)
    (48 B.Fab user hide)
    (49 F.Fab user)
  )

  (setup
    (last_trace_width 0.2032)
    (user_trace_width 0.2032)
    (user_trace_width 0.254)
    (user_trace_width 0.381)
    (user_trace_width 0.508)
    (user_trace_width 0.762)
    (trace_clearance 0.127)
    (zone_clearance 0.508)
    (zone_45_only no)
    (trace_min 0.1016)
    (via_size 0.8)
    (via_drill 0.4)
    (via_min_size 0.3048)
    (via_min_drill 0.254)
    (uvia_size 0.3)
    (uvia_drill 0.1)
    (uvias_allowed no)
    (uvia_min_size 0.2)
    (uvia_min_drill 0.1)
    (edge_width 0.05)
    (segment_width 0.2)
    (pcb_text_width 0.3)
    (pcb_text_size 1.5 1.5)
    (mod_edge_width 0.12)
    (mod_text_size 1 1)
    (mod_text_width 0.15)
    (pad_size 1.524 1.524)
    (pad_drill 0.762)
    (pad_to_mask_clearance 0.0508)
    (solder_mask_min_width 0.1524)
    (aux_axis_origin 0 0)
    (visible_elements 7FFDF7FF)
    (pcbplotparams
      (layerselection 0x010fc_ffffffff)
      (usegerberextensions false)
      (usegerberattributes false)
      (usegerberadvancedattributes false)
      (creategerberjobfile false)
      (excludeedgelayer true)
      (linewidth 0.100000)
      (plotframeref false)
      (viasonmask false)
      (mode 1)
      (useauxorigin false)
      (hpglpennumber 1)
      (hpglpenspeed 20)
      (hpglpendiameter 15.000000)
      (psnegative false)
      (psa4output false)
      (plotreference true)
      (plotvalue true)
      (plotinvisibletext false)
      (padsonsilk false)
      (subtractmaskfromsilk false)
      (outputformat 1)
      (mirror false)
      (drillshape 1)
      (scaleselection 1)
      (outputdirectory ""))
  )

  (net 0 "")
  (net 1 GND)
  (net 2 5V0)
  (net 3 CAN_L)
  (net 4 CAN_H)
  (net 5 3V3)
  (net 6 +5V)
  (net 7 "Net-(C3-Pad1)")
  (net 8 +3V3)
  (net 9 "Net-(IC1-Pad4)")
  (net 10 3V3Sense)
  (net 11 "Net-(IC1-Pad2)")
  (net 12 "Net-(IC1-Pad1)")
  (net 13 "Net-(R2-Pad2)")
  (net 14 SPI_MISO)
  (net 15 SPI_MOSI)
  (net 16 SPI_CLK)
  (net 17 MCU_RX)
  (net 18 MCU_TX)
  (net 19 UART_CTS)
  (net 20 UART_RTS)
  (net 21 CAN_RST)
  (net 22 CS)
  (net 23 CAN_INT)
  (net 24 RX0BF)
  (net 25 RX1BF)
  (net 26 TX2RTS)
  (net 27 TX1RTS)
  (net 28 TX0RTS)
  (net 29 "Net-(C23-Pad1)")
  (net 30 XBee_TX)
  (net 31 "Net-(R12-Pad2)")
  (net 32 "Net-(R13-Pad1)")
  (net 33 "Net-(R14-Pad1)")
  (net 34 "Net-(R15-Pad1)")
  (net 35 "Net-(C2-Pad1)")
  (net 36 "Net-(U2-Pad64)")
  (net 37 "Net-(U2-Pad62)")
  (net 38 "Net-(U2-Pad60)")
  (net 39 "Net-(U2-Pad54)")
  (net 40 "Net-(U2-Pad46)")
  (net 41 "Net-(U2-Pad63)")
  (net 42 "Net-(U2-Pad61)")
  (net 43 "Net-(U2-Pad59)")
  (net 44 "Net-(U2-Pad45)")
  (net 45 "Net-(U2-Pad44)")
  (net 46 "Net-(U2-Pad38)")
  (net 47 "Net-(U2-Pad36)")
  (net 48 "Net-(U2-Pad28)")
  (net 49 USB_VBUS)
  (net 50 "Net-(U2-Pad27)")
  (net 51 "Net-(U2-Pad6)")
  (net 52 "Net-(U2-Pad8)")
  (net 53 "Net-(U2-Pad10)")
  (net 54 "Net-(U2-Pad12)")
  (net 55 "Net-(U2-Pad14)")
  (net 56 "Net-(U2-Pad16)")
  (net 57 "Net-(U2-Pad18)")
  (net 58 "Net-(U2-Pad20)")
  (net 59 "Net-(U2-Pad22)")
  (net 60 nAutoRun)
  (net 61 "Net-(U2-Pad7)")
  (net 62 "Net-(U2-Pad9)")
  (net 63 "Net-(U2-Pad11)")
  (net 64 "Net-(U2-Pad13)")
  (net 65 USB_D+)
  (net 66 USB_D-)
  (net 67 "Net-(U2-Pad19)")
  (net 68 "Net-(U2-Pad21)")
  (net 69 "Net-(C1-Pad2)")
  (net 70 STACK_3.3V)
  (net 71 V_IN_5V0)
  (net 72 TSENSE)
  (net 73 "Net-(IC2-Pad4)")
  (net 74 "Net-(IC2-Pad3)")
  (net 75 "Net-(IC2-Pad2)")
  (net 76 XBee_RX)
  (net 77 "Net-(MOD1-Pad20)")
  (net 78 "Net-(MOD1-Pad19)")
  (net 79 "Net-(MOD1-Pad18)")
  (net 80 "Net-(MOD1-Pad17)")
  (net 81 "Net-(MOD1-Pad16)")
  (net 82 "Net-(MOD1-Pad15)")
  (net 83 "Net-(MOD1-Pad13)")
  (net 84 "Net-(MOD1-Pad12)")
  (net 85 "Net-(MOD1-Pad11)")
  (net 86 "Net-(MOD1-Pad9)")
  (net 87 "Net-(MOD1-Pad8)")
  (net 88 "Net-(MOD1-Pad7)")
  (net 89 "Net-(MOD1-Pad6)")
  (net 90 "Net-(MOD1-Pad5)")
  (net 91 "Net-(MOD1-Pad4)")
  (net 92 "Net-(R9-Pad2)")
  (net 93 "Net-(U3-Pad4)")
  (net 94 "Net-(C4-Pad2)")
  (net 95 "Net-(C9-Pad1)")
  (net 96 "Net-(C10-Pad2)")
  (net 97 "Net-(C10-Pad1)")
  (net 98 "Net-(C13-Pad1)")
  (net 99 "Net-(C16-Pad2)")
  (net 100 "Net-(C17-Pad1)")
  (net 101 "Net-(C18-Pad1)")
  (net 102 "Net-(C22-Pad2)")
  (net 103 "Net-(C25-Pad1)")
  (net 104 SWDIO)
  (net 105 SWDCLK)
  (net 106 "Net-(J6-Pad33)")
  (net 107 "Net-(J6-Pad32)")
  (net 108 "Net-(J6-Pad31)")
  (net 109 "Net-(J6-Pad30)")
  (net 110 "Net-(J6-Pad29)")
  (net 111 "Net-(J6-Pad28)")
  (net 112 "Net-(J6-Pad26)")
  (net 113 "Net-(J6-Pad25)")
  (net 114 "Net-(J6-Pad24)")
  (net 115 "Net-(J6-Pad22)")
  (net 116 "Net-(J6-Pad18)")
  (net 117 "Net-(J6-Pad17)")
  (net 118 "Net-(J6-Pad16)")
  (net 119 "Net-(J6-Pad15)")
  (net 120 "Net-(J6-Pad14)")
  (net 121 "Net-(J6-Pad13)")
  (net 122 "Net-(J6-Pad12)")
  (net 123 "Net-(J6-Pad11)")
  (net 124 "Net-(J6-Pad10)")
  (net 125 "Net-(J6-Pad9)")
  (net 126 "Net-(J6-Pad8)")
  (net 127 "Net-(J7-Pad6)")
  (net 128 "Net-(J7-Pad2)")
  (net 129 "Net-(J9-Pad4)")
  (net 130 "Net-(U7-Pad8)")
  (net 131 "Net-(U7-Pad7)")
  (net 132 "Net-(U7-Pad3)")
  (net 133 "Net-(U7-Pad2)")

  (net_class Default "This is the default net class."
    (clearance 0.127)
    (trace_width 0.25)
    (via_dia 0.8)
    (via_drill 0.4)
    (uvia_dia 0.3)
    (uvia_drill 0.1)
    (add_net +3V3)
    (add_net +5V)
    (add_net 3V3)
    (add_net 3V3Sense)
    (add_net 5V0)
    (add_net CAN_H)
    (add_net CAN_INT)
    (add_net CAN_L)
    (add_net CAN_RST)
    (add_net CS)
    (add_net GND)
    (add_net MCU_RX)
    (add_net MCU_TX)
    (add_net "Net-(C1-Pad2)")
    (add_net "Net-(C10-Pad1)")
    (add_net "Net-(C10-Pad2)")
    (add_net "Net-(C13-Pad1)")
    (add_net "Net-(C16-Pad2)")
    (add_net "Net-(C17-Pad1)")
    (add_net "Net-(C18-Pad1)")
    (add_net "Net-(C2-Pad1)")
    (add_net "Net-(C22-Pad2)")
    (add_net "Net-(C23-Pad1)")
    (add_net "Net-(C25-Pad1)")
    (add_net "Net-(C3-Pad1)")
    (add_net "Net-(C4-Pad2)")
    (add_net "Net-(C9-Pad1)")
    (add_net "Net-(IC1-Pad1)")
    (add_net "Net-(IC1-Pad2)")
    (add_net "Net-(IC1-Pad4)")
    (add_net "Net-(IC2-Pad2)")
    (add_net "Net-(IC2-Pad3)")
    (add_net "Net-(IC2-Pad4)")
    (add_net "Net-(J6-Pad10)")
    (add_net "Net-(J6-Pad11)")
    (add_net "Net-(J6-Pad12)")
    (add_net "Net-(J6-Pad13)")
    (add_net "Net-(J6-Pad14)")
    (add_net "Net-(J6-Pad15)")
    (add_net "Net-(J6-Pad16)")
    (add_net "Net-(J6-Pad17)")
    (add_net "Net-(J6-Pad18)")
    (add_net "Net-(J6-Pad22)")
    (add_net "Net-(J6-Pad24)")
    (add_net "Net-(J6-Pad25)")
    (add_net "Net-(J6-Pad26)")
    (add_net "Net-(J6-Pad28)")
    (add_net "Net-(J6-Pad29)")
    (add_net "Net-(J6-Pad30)")
    (add_net "Net-(J6-Pad31)")
    (add_net "Net-(J6-Pad32)")
    (add_net "Net-(J6-Pad33)")
    (add_net "Net-(J6-Pad8)")
    (add_net "Net-(J6-Pad9)")
    (add_net "Net-(J7-Pad2)")
    (add_net "Net-(J7-Pad6)")
    (add_net "Net-(J9-Pad4)")
    (add_net "Net-(MOD1-Pad11)")
    (add_net "Net-(MOD1-Pad12)")
    (add_net "Net-(MOD1-Pad13)")
    (add_net "Net-(MOD1-Pad15)")
    (add_net "Net-(MOD1-Pad16)")
    (add_net "Net-(MOD1-Pad17)")
    (add_net "Net-(MOD1-Pad18)")
    (add_net "Net-(MOD1-Pad19)")
    (add_net "Net-(MOD1-Pad20)")
    (add_net "Net-(MOD1-Pad4)")
    (add_net "Net-(MOD1-Pad5)")
    (add_net "Net-(MOD1-Pad6)")
    (add_net "Net-(MOD1-Pad7)")
    (add_net "Net-(MOD1-Pad8)")
    (add_net "Net-(MOD1-Pad9)")
    (add_net "Net-(R12-Pad2)")
    (add_net "Net-(R13-Pad1)")
    (add_net "Net-(R14-Pad1)")
    (add_net "Net-(R15-Pad1)")
    (add_net "Net-(R2-Pad2)")
    (add_net "Net-(R9-Pad2)")
    (add_net "Net-(U2-Pad10)")
    (add_net "Net-(U2-Pad11)")
    (add_net "Net-(U2-Pad12)")
    (add_net "Net-(U2-Pad13)")
    (add_net "Net-(U2-Pad14)")
    (add_net "Net-(U2-Pad16)")
    (add_net "Net-(U2-Pad18)")
    (add_net "Net-(U2-Pad19)")
    (add_net "Net-(U2-Pad20)")
    (add_net "Net-(U2-Pad21)")
    (add_net "Net-(U2-Pad22)")
    (add_net "Net-(U2-Pad27)")
    (add_net "Net-(U2-Pad28)")
    (add_net "Net-(U2-Pad36)")
    (add_net "Net-(U2-Pad38)")
    (add_net "Net-(U2-Pad44)")
    (add_net "Net-(U2-Pad45)")
    (add_net "Net-(U2-Pad46)")
    (add_net "Net-(U2-Pad54)")
    (add_net "Net-(U2-Pad59)")
    (add_net "Net-(U2-Pad6)")
    (add_net "Net-(U2-Pad60)")
    (add_net "Net-(U2-Pad61)")
    (add_net "Net-(U2-Pad62)")
    (add_net "Net-(U2-Pad63)")
    (add_net "Net-(U2-Pad64)")
    (add_net "Net-(U2-Pad7)")
    (add_net "Net-(U2-Pad8)")
    (add_net "Net-(U2-Pad9)")
    (add_net "Net-(U3-Pad4)")
    (add_net "Net-(U7-Pad2)")
    (add_net "Net-(U7-Pad3)")
    (add_net "Net-(U7-Pad7)")
    (add_net "Net-(U7-Pad8)")
    (add_net RX0BF)
    (add_net RX1BF)
    (add_net SPI_CLK)
    (add_net SPI_MISO)
    (add_net SPI_MOSI)
    (add_net STACK_3.3V)
    (add_net SWDCLK)
    (add_net SWDIO)
    (add_net TSENSE)
    (add_net TX0RTS)
    (add_net TX1RTS)
    (add_net TX2RTS)
    (add_net UART_CTS)
    (add_net UART_RTS)
    (add_net USB_D+)
    (add_net USB_D-)
    (add_net USB_VBUS)
    (add_net V_IN_5V0)
    (add_net XBee_RX)
    (add_net XBee_TX)
    (add_net nAutoRun)
  )

  (module Capacitor_SMD:C_0603_1608Metric (layer F.Cu) (tedit 5B301BBE) (tstamp 5E2D499D)
    (at 152.15 115.5 180)
    (descr "Capacitor SMD 0603 (1608 Metric), square (rectangular) end terminal, IPC_7351 nominal, (Body size source: http://www.tortai-tech.com/upload/download/2011102023233369053.pdf), generated with kicad-footprint-generator")
    (tags capacitor)
    (path /5E84D23C)
    (attr smd)
    (fp_text reference C27 (at 0.7525 -1.4605) (layer F.SilkS)
      (effects (font (size 1 1) (thickness 0.15)))
    )
    (fp_text value 1nF (at 0 1.43) (layer F.Fab)
      (effects (font (size 1 1) (thickness 0.15)))
    )
    (fp_line (start -0.8 0.4) (end -0.8 -0.4) (layer F.Fab) (width 0.1))
    (fp_line (start -0.8 -0.4) (end 0.8 -0.4) (layer F.Fab) (width 0.1))
    (fp_line (start 0.8 -0.4) (end 0.8 0.4) (layer F.Fab) (width 0.1))
    (fp_line (start 0.8 0.4) (end -0.8 0.4) (layer F.Fab) (width 0.1))
    (fp_line (start -0.162779 -0.51) (end 0.162779 -0.51) (layer F.SilkS) (width 0.12))
    (fp_line (start -0.162779 0.51) (end 0.162779 0.51) (layer F.SilkS) (width 0.12))
    (fp_line (start -1.48 0.73) (end -1.48 -0.73) (layer F.CrtYd) (width 0.05))
    (fp_line (start -1.48 -0.73) (end 1.48 -0.73) (layer F.CrtYd) (width 0.05))
    (fp_line (start 1.48 -0.73) (end 1.48 0.73) (layer F.CrtYd) (width 0.05))
    (fp_line (start 1.48 0.73) (end -1.48 0.73) (layer F.CrtYd) (width 0.05))
    (fp_text user %R (at 0 0) (layer F.Fab)
      (effects (font (size 0.4 0.4) (thickness 0.06)))
    )
    (pad 1 smd roundrect (at -0.7875 0 180) (size 0.875 0.95) (layers F.Cu F.Paste F.Mask) (roundrect_rratio 0.25)
      (net 8 +3V3))
    (pad 2 smd roundrect (at 0.7875 0 180) (size 0.875 0.95) (layers F.Cu F.Paste F.Mask) (roundrect_rratio 0.25)
      (net 1 GND))
    (model ${KISYS3DMOD}/Capacitor_SMD.3dshapes/C_0603_1608Metric.wrl
      (at (xyz 0 0 0))
      (scale (xyz 1 1 1))
      (rotate (xyz 0 0 0))
    )
  )

  (module Capacitor_SMD:C_0603_1608Metric (layer F.Cu) (tedit 5B301BBE) (tstamp 5E2D498C)
    (at 155.8 116.1 180)
    (descr "Capacitor SMD 0603 (1608 Metric), square (rectangular) end terminal, IPC_7351 nominal, (Body size source: http://www.tortai-tech.com/upload/download/2011102023233369053.pdf), generated with kicad-footprint-generator")
    (tags capacitor)
    (path /5E84FF5A)
    (attr smd)
    (fp_text reference C26 (at 0.889 -1.4605) (layer F.SilkS)
      (effects (font (size 1 1) (thickness 0.15)))
    )
    (fp_text value 100nF (at 0 1.43) (layer F.Fab)
      (effects (font (size 1 1) (thickness 0.15)))
    )
    (fp_line (start -0.8 0.4) (end -0.8 -0.4) (layer F.Fab) (width 0.1))
    (fp_line (start -0.8 -0.4) (end 0.8 -0.4) (layer F.Fab) (width 0.1))
    (fp_line (start 0.8 -0.4) (end 0.8 0.4) (layer F.Fab) (width 0.1))
    (fp_line (start 0.8 0.4) (end -0.8 0.4) (layer F.Fab) (width 0.1))
    (fp_line (start -0.162779 -0.51) (end 0.162779 -0.51) (layer F.SilkS) (width 0.12))
    (fp_line (start -0.162779 0.51) (end 0.162779 0.51) (layer F.SilkS) (width 0.12))
    (fp_line (start -1.48 0.73) (end -1.48 -0.73) (layer F.CrtYd) (width 0.05))
    (fp_line (start -1.48 -0.73) (end 1.48 -0.73) (layer F.CrtYd) (width 0.05))
    (fp_line (start 1.48 -0.73) (end 1.48 0.73) (layer F.CrtYd) (width 0.05))
    (fp_line (start 1.48 0.73) (end -1.48 0.73) (layer F.CrtYd) (width 0.05))
    (fp_text user %R (at 0 0) (layer F.Fab)
      (effects (font (size 0.4 0.4) (thickness 0.06)))
    )
    (pad 1 smd roundrect (at -0.7875 0 180) (size 0.875 0.95) (layers F.Cu F.Paste F.Mask) (roundrect_rratio 0.25)
      (net 8 +3V3))
    (pad 2 smd roundrect (at 0.7875 0 180) (size 0.875 0.95) (layers F.Cu F.Paste F.Mask) (roundrect_rratio 0.25)
      (net 1 GND))
    (model ${KISYS3DMOD}/Capacitor_SMD.3dshapes/C_0603_1608Metric.wrl
      (at (xyz 0 0 0))
      (scale (xyz 1 1 1))
      (rotate (xyz 0 0 0))
    )
  )

  (module Connector_PinHeader_2.54mm:PinHeader_1x06_P2.54mm_Vertical (layer F.Cu) (tedit 59FED5CC) (tstamp 5E28DF12)
    (at 179.959 104.267 230)
    (descr "Through hole straight pin header, 1x06, 2.54mm pitch, single row")
    (tags "Through hole pin header THT 1x06 2.54mm single row")
    (path /5E1A11C0)
    (fp_text reference J5 (at -0.123039 -2.715132 50) (layer F.SilkS)
      (effects (font (size 1 1) (thickness 0.15)))
    )
    (fp_text value Conn_01x06 (at 0 15.03 50) (layer F.Fab)
      (effects (font (size 1 1) (thickness 0.15)))
    )
    (fp_line (start -0.635 -1.27) (end 1.27 -1.27) (layer F.Fab) (width 0.1))
    (fp_line (start 1.27 -1.27) (end 1.27 13.97) (layer F.Fab) (width 0.1))
    (fp_line (start 1.27 13.97) (end -1.27 13.97) (layer F.Fab) (width 0.1))
    (fp_line (start -1.27 13.97) (end -1.27 -0.635) (layer F.Fab) (width 0.1))
    (fp_line (start -1.27 -0.635) (end -0.635 -1.27) (layer F.Fab) (width 0.1))
    (fp_line (start -1.33 14.03) (end 1.33 14.03) (layer F.SilkS) (width 0.12))
    (fp_line (start -1.33 1.27) (end -1.33 14.03) (layer F.SilkS) (width 0.12))
    (fp_line (start 1.33 1.27) (end 1.33 14.03) (layer F.SilkS) (width 0.12))
    (fp_line (start -1.33 1.27) (end 1.33 1.27) (layer F.SilkS) (width 0.12))
    (fp_line (start -1.33 0) (end -1.33 -1.33) (layer F.SilkS) (width 0.12))
    (fp_line (start -1.33 -1.33) (end 0 -1.33) (layer F.SilkS) (width 0.12))
    (fp_line (start -1.8 -1.8) (end -1.8 14.5) (layer F.CrtYd) (width 0.05))
    (fp_line (start -1.8 14.5) (end 1.8 14.5) (layer F.CrtYd) (width 0.05))
    (fp_line (start 1.8 14.5) (end 1.8 -1.8) (layer F.CrtYd) (width 0.05))
    (fp_line (start 1.8 -1.8) (end -1.8 -1.8) (layer F.CrtYd) (width 0.05))
    (fp_text user %R (at 0 6.35 140) (layer F.Fab)
      (effects (font (size 1 1) (thickness 0.15)))
    )
    (pad 1 thru_hole rect (at 0 0 230) (size 1.7 1.7) (drill 1) (layers *.Cu *.Mask)
      (net 1 GND))
    (pad 2 thru_hole oval (at 0 2.54 230) (size 1.7 1.7) (drill 1) (layers *.Cu *.Mask)
      (net 20 UART_RTS))
    (pad 3 thru_hole oval (at 0 5.08 230) (size 1.7 1.7) (drill 1) (layers *.Cu *.Mask)
      (net 71 V_IN_5V0))
    (pad 4 thru_hole oval (at 0 7.62 230) (size 1.7 1.7) (drill 1) (layers *.Cu *.Mask)
      (net 17 MCU_RX))
    (pad 5 thru_hole oval (at 0 10.16 230) (size 1.7 1.7) (drill 1) (layers *.Cu *.Mask)
      (net 18 MCU_TX))
    (pad 6 thru_hole oval (at 0 12.7 230) (size 1.7 1.7) (drill 1) (layers *.Cu *.Mask)
      (net 19 UART_CTS))
    (model ${KISYS3DMOD}/Connector_PinHeader_2.54mm.3dshapes/PinHeader_1x06_P2.54mm_Vertical.wrl
      (at (xyz 0 0 0))
      (scale (xyz 1 1 1))
      (rotate (xyz 0 0 0))
    )
  )

  (module digikey-footprints:XBEE_PRO-20_THT (layer F.Cu) (tedit 59947AD9) (tstamp 5E2A9C7A)
    (at 158.75 148.844 280)
    (path /5E2D5997)
    (fp_text reference MOD1 (at 0 -18.49 100) (layer F.SilkS)
      (effects (font (size 1 1) (thickness 0.15)))
    )
    (fp_text value XBP9B-DPST-001 (at 0 17.56 100) (layer F.Fab)
      (effects (font (size 1 1) (thickness 0.15)))
    )
    (fp_line (start -12.25 -9.5) (end -12.25 16) (layer F.Fab) (width 0.1))
    (fp_line (start 12.25 -9.5) (end 12.25 16) (layer F.Fab) (width 0.1))
    (fp_line (start -12.25 16) (end 12.25 16) (layer F.Fab) (width 0.1))
    (fp_line (start -4.75 -17) (end 4.75 -17) (layer F.Fab) (width 0.1))
    (fp_line (start 4.75 -17) (end 12.25 -9.5) (layer F.Fab) (width 0.1))
    (fp_line (start -12.25 -9.5) (end -4.75 -17) (layer F.Fab) (width 0.1))
    (fp_line (start 12.4 16.1) (end 11.9 16.1) (layer F.SilkS) (width 0.1))
    (fp_line (start 12.4 16.1) (end 12.4 15.6) (layer F.SilkS) (width 0.1))
    (fp_line (start -12.4 16.1) (end -11.9 16.1) (layer F.SilkS) (width 0.1))
    (fp_line (start -12.4 16.1) (end -12.4 15.6) (layer F.SilkS) (width 0.1))
    (fp_line (start -12.4 -9.5) (end -12.4 -9) (layer F.SilkS) (width 0.1))
    (fp_line (start -12.4 -9.5) (end -12 -9.9) (layer F.SilkS) (width 0.1))
    (fp_line (start 12.4 -9.5) (end 12 -9.9) (layer F.SilkS) (width 0.1))
    (fp_line (start 12.4 -9.5) (end 12.4 -9) (layer F.SilkS) (width 0.1))
    (fp_line (start -4.8 -17.1) (end -5.2 -16.7) (layer F.SilkS) (width 0.1))
    (fp_line (start -4.8 -17.1) (end -4.3 -17.1) (layer F.SilkS) (width 0.1))
    (fp_line (start 4.8 -17.1) (end 4.3 -17.1) (layer F.SilkS) (width 0.1))
    (fp_line (start 4.8 -17.1) (end 5.2 -16.7) (layer F.SilkS) (width 0.1))
    (fp_line (start -12.4 0) (end -12.4 3.8) (layer F.SilkS) (width 0.1))
    (fp_line (start 12.4 0) (end 12.4 3.8) (layer F.SilkS) (width 0.1))
    (fp_line (start -12.5 -17.25) (end -12.5 16.25) (layer F.CrtYd) (width 0.05))
    (fp_line (start 12.5 -17.25) (end 12.5 16.25) (layer F.CrtYd) (width 0.05))
    (fp_line (start -12.5 16.25) (end 12.5 16.25) (layer F.CrtYd) (width 0.05))
    (fp_line (start -12.5 -17.25) (end 12.5 -17.25) (layer F.CrtYd) (width 0.05))
    (fp_text user %R (at -0.254 0.127 100) (layer F.Fab)
      (effects (font (size 1 1) (thickness 0.15)))
    )
    (pad 20 thru_hole circle (at 11 -9 280) (size 1.7 1.7) (drill 0.7) (layers *.Cu *.Mask)
      (net 77 "Net-(MOD1-Pad20)"))
    (pad 19 thru_hole circle (at 11 -7 280) (size 1.7 1.7) (drill 0.7) (layers *.Cu *.Mask)
      (net 78 "Net-(MOD1-Pad19)"))
    (pad 18 thru_hole circle (at 11 -5 280) (size 1.7 1.7) (drill 0.7) (layers *.Cu *.Mask)
      (net 79 "Net-(MOD1-Pad18)"))
    (pad 17 thru_hole circle (at 11 -3 280) (size 1.7 1.7) (drill 0.7) (layers *.Cu *.Mask)
      (net 80 "Net-(MOD1-Pad17)"))
    (pad 16 thru_hole circle (at 11 -1 280) (size 1.7 1.7) (drill 0.7) (layers *.Cu *.Mask)
      (net 81 "Net-(MOD1-Pad16)"))
    (pad 15 thru_hole circle (at 11 1 280) (size 1.7 1.7) (drill 0.7) (layers *.Cu *.Mask)
      (net 82 "Net-(MOD1-Pad15)"))
    (pad 14 thru_hole circle (at 11 3 280) (size 1.7 1.7) (drill 0.7) (layers *.Cu *.Mask)
      (net 1 GND))
    (pad 13 thru_hole circle (at 11 5 280) (size 1.7 1.7) (drill 0.7) (layers *.Cu *.Mask)
      (net 83 "Net-(MOD1-Pad13)"))
    (pad 12 thru_hole circle (at 11 7 280) (size 1.7 1.7) (drill 0.7) (layers *.Cu *.Mask)
      (net 84 "Net-(MOD1-Pad12)"))
    (pad 11 thru_hole circle (at 11 9 280) (size 1.7 1.7) (drill 0.7) (layers *.Cu *.Mask)
      (net 85 "Net-(MOD1-Pad11)"))
    (pad 10 thru_hole circle (at -11 9 280) (size 1.7 1.7) (drill 0.7) (layers *.Cu *.Mask)
      (net 1 GND))
    (pad 9 thru_hole circle (at -11 7 280) (size 1.7 1.7) (drill 0.7) (layers *.Cu *.Mask)
      (net 86 "Net-(MOD1-Pad9)"))
    (pad 8 thru_hole circle (at -11 5 280) (size 1.7 1.7) (drill 0.7) (layers *.Cu *.Mask)
      (net 87 "Net-(MOD1-Pad8)"))
    (pad 7 thru_hole circle (at -11 3 280) (size 1.7 1.7) (drill 0.7) (layers *.Cu *.Mask)
      (net 88 "Net-(MOD1-Pad7)"))
    (pad 6 thru_hole circle (at -11 1 280) (size 1.7 1.7) (drill 0.7) (layers *.Cu *.Mask)
      (net 89 "Net-(MOD1-Pad6)"))
    (pad 5 thru_hole circle (at -11 -1 280) (size 1.7 1.7) (drill 0.7) (layers *.Cu *.Mask)
      (net 90 "Net-(MOD1-Pad5)"))
    (pad 4 thru_hole circle (at -11 -3 280) (size 1.7 1.7) (drill 0.7) (layers *.Cu *.Mask)
      (net 91 "Net-(MOD1-Pad4)"))
    (pad 3 thru_hole circle (at -11 -5 280) (size 1.7 1.7) (drill 0.7) (layers *.Cu *.Mask)
      (net 76 XBee_RX))
    (pad 2 thru_hole circle (at -11 -7 280) (size 1.7 1.7) (drill 0.7) (layers *.Cu *.Mask)
      (net 30 XBee_TX))
    (pad 1 thru_hole circle (at -11 -9 280) (size 1.7 1.7) (drill 0.7) (layers *.Cu *.Mask)
      (net 8 +3V3))
  )

  (module Capacitor_SMD:C_0603_1608Metric (layer F.Cu) (tedit 5B301BBE) (tstamp 5E279117)
    (at 170.561 132.715 270)
    (descr "Capacitor SMD 0603 (1608 Metric), square (rectangular) end terminal, IPC_7351 nominal, (Body size source: http://www.tortai-tech.com/upload/download/2011102023233369053.pdf), generated with kicad-footprint-generator")
    (tags capacitor)
    (path /5E265C35)
    (attr smd)
    (fp_text reference C7 (at 2.032 0.635 90) (layer F.SilkS)
      (effects (font (size 0.7 0.7) (thickness 0.12)))
    )
    (fp_text value 47pF (at 0 1.43 90) (layer F.Fab)
      (effects (font (size 1 1) (thickness 0.15)))
    )
    (fp_text user %R (at 0 0 90) (layer F.Fab)
      (effects (font (size 0.4 0.4) (thickness 0.06)))
    )
    (fp_line (start 1.48 0.73) (end -1.48 0.73) (layer F.CrtYd) (width 0.05))
    (fp_line (start 1.48 -0.73) (end 1.48 0.73) (layer F.CrtYd) (width 0.05))
    (fp_line (start -1.48 -0.73) (end 1.48 -0.73) (layer F.CrtYd) (width 0.05))
    (fp_line (start -1.48 0.73) (end -1.48 -0.73) (layer F.CrtYd) (width 0.05))
    (fp_line (start -0.162779 0.51) (end 0.162779 0.51) (layer F.SilkS) (width 0.12))
    (fp_line (start -0.162779 -0.51) (end 0.162779 -0.51) (layer F.SilkS) (width 0.12))
    (fp_line (start 0.8 0.4) (end -0.8 0.4) (layer F.Fab) (width 0.1))
    (fp_line (start 0.8 -0.4) (end 0.8 0.4) (layer F.Fab) (width 0.1))
    (fp_line (start -0.8 -0.4) (end 0.8 -0.4) (layer F.Fab) (width 0.1))
    (fp_line (start -0.8 0.4) (end -0.8 -0.4) (layer F.Fab) (width 0.1))
    (pad 2 smd roundrect (at 0.7875 0 270) (size 0.875 0.95) (layers F.Cu F.Paste F.Mask) (roundrect_rratio 0.25)
      (net 8 +3V3))
    (pad 1 smd roundrect (at -0.7875 0 270) (size 0.875 0.95) (layers F.Cu F.Paste F.Mask) (roundrect_rratio 0.25)
      (net 1 GND))
    (model ${KISYS3DMOD}/Capacitor_SMD.3dshapes/C_0603_1608Metric.wrl
      (at (xyz 0 0 0))
      (scale (xyz 1 1 1))
      (rotate (xyz 0 0 0))
    )
  )

  (module Inductor_SMD:L_0603_1608Metric (layer F.Cu) (tedit 5B301BBE) (tstamp 5E21FE6B)
    (at 139.573 102.997)
    (descr "Inductor SMD 0603 (1608 Metric), square (rectangular) end terminal, IPC_7351 nominal, (Body size source: http://www.tortai-tech.com/upload/download/2011102023233369053.pdf), generated with kicad-footprint-generator")
    (tags inductor)
    (path /5E23B8F7)
    (attr smd)
    (fp_text reference L3 (at 2.159 0) (layer F.SilkS)
      (effects (font (size 0.7 0.7) (thickness 0.12)))
    )
    (fp_text value 2.2u (at 0 1.43) (layer F.Fab)
      (effects (font (size 1 1) (thickness 0.15)))
    )
    (fp_line (start -0.8 0.4) (end -0.8 -0.4) (layer F.Fab) (width 0.1))
    (fp_line (start -0.8 -0.4) (end 0.8 -0.4) (layer F.Fab) (width 0.1))
    (fp_line (start 0.8 -0.4) (end 0.8 0.4) (layer F.Fab) (width 0.1))
    (fp_line (start 0.8 0.4) (end -0.8 0.4) (layer F.Fab) (width 0.1))
    (fp_line (start -0.162779 -0.51) (end 0.162779 -0.51) (layer F.SilkS) (width 0.12))
    (fp_line (start -0.162779 0.51) (end 0.162779 0.51) (layer F.SilkS) (width 0.12))
    (fp_line (start -1.48 0.73) (end -1.48 -0.73) (layer F.CrtYd) (width 0.05))
    (fp_line (start -1.48 -0.73) (end 1.48 -0.73) (layer F.CrtYd) (width 0.05))
    (fp_line (start 1.48 -0.73) (end 1.48 0.73) (layer F.CrtYd) (width 0.05))
    (fp_line (start 1.48 0.73) (end -1.48 0.73) (layer F.CrtYd) (width 0.05))
    (fp_text user %R (at 0 0) (layer F.Fab)
      (effects (font (size 0.4 0.4) (thickness 0.06)))
    )
    (pad 1 smd roundrect (at -0.7875 0) (size 0.875 0.95) (layers F.Cu F.Paste F.Mask) (roundrect_rratio 0.25)
      (net 98 "Net-(C13-Pad1)"))
    (pad 2 smd roundrect (at 0.7875 0) (size 0.875 0.95) (layers F.Cu F.Paste F.Mask) (roundrect_rratio 0.25)
      (net 72 TSENSE))
    (model ${KISYS3DMOD}/Inductor_SMD.3dshapes/L_0603_1608Metric.wrl
      (at (xyz 0 0 0))
      (scale (xyz 1 1 1))
      (rotate (xyz 0 0 0))
    )
  )

  (module Inductor_SMD:L_0603_1608Metric (layer F.Cu) (tedit 5B301BBE) (tstamp 5E21FE5A)
    (at 168.91 128.016 270)
    (descr "Inductor SMD 0603 (1608 Metric), square (rectangular) end terminal, IPC_7351 nominal, (Body size source: http://www.tortai-tech.com/upload/download/2011102023233369053.pdf), generated with kicad-footprint-generator")
    (tags inductor)
    (path /5E285E25)
    (attr smd)
    (fp_text reference L2 (at 2.032 0.254) (layer F.SilkS)
      (effects (font (size 0.7 0.7) (thickness 0.12)))
    )
    (fp_text value 4.7uH (at 0 1.43 90) (layer F.Fab)
      (effects (font (size 1 1) (thickness 0.15)))
    )
    (fp_text user %R (at 0 0 90) (layer F.Fab)
      (effects (font (size 0.4 0.4) (thickness 0.06)))
    )
    (fp_line (start 1.48 0.73) (end -1.48 0.73) (layer F.CrtYd) (width 0.05))
    (fp_line (start 1.48 -0.73) (end 1.48 0.73) (layer F.CrtYd) (width 0.05))
    (fp_line (start -1.48 -0.73) (end 1.48 -0.73) (layer F.CrtYd) (width 0.05))
    (fp_line (start -1.48 0.73) (end -1.48 -0.73) (layer F.CrtYd) (width 0.05))
    (fp_line (start -0.162779 0.51) (end 0.162779 0.51) (layer F.SilkS) (width 0.12))
    (fp_line (start -0.162779 -0.51) (end 0.162779 -0.51) (layer F.SilkS) (width 0.12))
    (fp_line (start 0.8 0.4) (end -0.8 0.4) (layer F.Fab) (width 0.1))
    (fp_line (start 0.8 -0.4) (end 0.8 0.4) (layer F.Fab) (width 0.1))
    (fp_line (start -0.8 -0.4) (end 0.8 -0.4) (layer F.Fab) (width 0.1))
    (fp_line (start -0.8 0.4) (end -0.8 -0.4) (layer F.Fab) (width 0.1))
    (pad 2 smd roundrect (at 0.7875 0 270) (size 0.875 0.95) (layers F.Cu F.Paste F.Mask) (roundrect_rratio 0.25)
      (net 97 "Net-(C10-Pad1)"))
    (pad 1 smd roundrect (at -0.7875 0 270) (size 0.875 0.95) (layers F.Cu F.Paste F.Mask) (roundrect_rratio 0.25)
      (net 95 "Net-(C9-Pad1)"))
    (model ${KISYS3DMOD}/Inductor_SMD.3dshapes/L_0603_1608Metric.wrl
      (at (xyz 0 0 0))
      (scale (xyz 1 1 1))
      (rotate (xyz 0 0 0))
    )
  )

  (module Inductor_SMD:L_0603_1608Metric (layer F.Cu) (tedit 5B301BBE) (tstamp 5E21FE49)
    (at 144.145 117.729 90)
    (descr "Inductor SMD 0603 (1608 Metric), square (rectangular) end terminal, IPC_7351 nominal, (Body size source: http://www.tortai-tech.com/upload/download/2011102023233369053.pdf), generated with kicad-footprint-generator")
    (tags inductor)
    (path /5E0D034B)
    (attr smd)
    (fp_text reference L1 (at 1.27 -1.27 90) (layer F.SilkS)
      (effects (font (size 0.7 0.7) (thickness 0.12)))
    )
    (fp_text value 4.7uH (at 0 1.43 90) (layer F.Fab)
      (effects (font (size 1 1) (thickness 0.15)))
    )
    (fp_text user %R (at 0 0 90) (layer F.Fab)
      (effects (font (size 0.4 0.4) (thickness 0.06)))
    )
    (fp_line (start 1.48 0.73) (end -1.48 0.73) (layer F.CrtYd) (width 0.05))
    (fp_line (start 1.48 -0.73) (end 1.48 0.73) (layer F.CrtYd) (width 0.05))
    (fp_line (start -1.48 -0.73) (end 1.48 -0.73) (layer F.CrtYd) (width 0.05))
    (fp_line (start -1.48 0.73) (end -1.48 -0.73) (layer F.CrtYd) (width 0.05))
    (fp_line (start -0.162779 0.51) (end 0.162779 0.51) (layer F.SilkS) (width 0.12))
    (fp_line (start -0.162779 -0.51) (end 0.162779 -0.51) (layer F.SilkS) (width 0.12))
    (fp_line (start 0.8 0.4) (end -0.8 0.4) (layer F.Fab) (width 0.1))
    (fp_line (start 0.8 -0.4) (end 0.8 0.4) (layer F.Fab) (width 0.1))
    (fp_line (start -0.8 -0.4) (end 0.8 -0.4) (layer F.Fab) (width 0.1))
    (fp_line (start -0.8 0.4) (end -0.8 -0.4) (layer F.Fab) (width 0.1))
    (pad 2 smd roundrect (at 0.7875 0 90) (size 0.875 0.95) (layers F.Cu F.Paste F.Mask) (roundrect_rratio 0.25)
      (net 70 STACK_3.3V))
    (pad 1 smd roundrect (at -0.7875 0 90) (size 0.875 0.95) (layers F.Cu F.Paste F.Mask) (roundrect_rratio 0.25)
      (net 35 "Net-(C2-Pad1)"))
    (model ${KISYS3DMOD}/Inductor_SMD.3dshapes/L_0603_1608Metric.wrl
      (at (xyz 0 0 0))
      (scale (xyz 1 1 1))
      (rotate (xyz 0 0 0))
    )
  )

  (module Resistor_SMD:R_0603_1608Metric (layer F.Cu) (tedit 5B301BBD) (tstamp 5E180CE1)
    (at 127.508 144.526)
    (descr "Resistor SMD 0603 (1608 Metric), square (rectangular) end terminal, IPC_7351 nominal, (Body size source: http://www.tortai-tech.com/upload/download/2011102023233369053.pdf), generated with kicad-footprint-generator")
    (tags resistor)
    (path /5E22EDDC/5DCF1CE0)
    (attr smd)
    (fp_text reference R13 (at -0.508 1.524) (layer F.SilkS)
      (effects (font (size 0.7 0.7) (thickness 0.12)))
    )
    (fp_text value 0 (at 0 1.43) (layer F.Fab)
      (effects (font (size 1 1) (thickness 0.15)))
    )
    (fp_text user %R (at 0 0) (layer F.Fab)
      (effects (font (size 0.4 0.4) (thickness 0.06)))
    )
    (fp_line (start 1.48 0.73) (end -1.48 0.73) (layer F.CrtYd) (width 0.05))
    (fp_line (start 1.48 -0.73) (end 1.48 0.73) (layer F.CrtYd) (width 0.05))
    (fp_line (start -1.48 -0.73) (end 1.48 -0.73) (layer F.CrtYd) (width 0.05))
    (fp_line (start -1.48 0.73) (end -1.48 -0.73) (layer F.CrtYd) (width 0.05))
    (fp_line (start -0.162779 0.51) (end 0.162779 0.51) (layer F.SilkS) (width 0.12))
    (fp_line (start -0.162779 -0.51) (end 0.162779 -0.51) (layer F.SilkS) (width 0.12))
    (fp_line (start 0.8 0.4) (end -0.8 0.4) (layer F.Fab) (width 0.1))
    (fp_line (start 0.8 -0.4) (end 0.8 0.4) (layer F.Fab) (width 0.1))
    (fp_line (start -0.8 -0.4) (end 0.8 -0.4) (layer F.Fab) (width 0.1))
    (fp_line (start -0.8 0.4) (end -0.8 -0.4) (layer F.Fab) (width 0.1))
    (pad 2 smd roundrect (at 0.7875 0) (size 0.875 0.95) (layers F.Cu F.Paste F.Mask) (roundrect_rratio 0.25)
      (net 29 "Net-(C23-Pad1)"))
    (pad 1 smd roundrect (at -0.7875 0) (size 0.875 0.95) (layers F.Cu F.Paste F.Mask) (roundrect_rratio 0.25)
      (net 32 "Net-(R13-Pad1)"))
    (model ${KISYS3DMOD}/Resistor_SMD.3dshapes/R_0603_1608Metric.wrl
      (at (xyz 0 0 0))
      (scale (xyz 1 1 1))
      (rotate (xyz 0 0 0))
    )
  )

  (module Package_SO:SOIC-8_3.9x4.9mm_P1.27mm (layer F.Cu) (tedit 5C97300E) (tstamp 5E180D9D)
    (at 124.587 140.589)
    (descr "SOIC, 8 Pin (JEDEC MS-012AA, https://www.analog.com/media/en/package-pcb-resources/package/pkg_pdf/soic_narrow-r/r_8.pdf), generated with kicad-footprint-generator ipc_gullwing_generator.py")
    (tags "SOIC SO")
    (path /5E22EDDC/5DD4ABBA)
    (attr smd)
    (fp_text reference U6 (at -3.175 3.556) (layer F.SilkS)
      (effects (font (size 0.7 0.7) (thickness 0.12)))
    )
    (fp_text value SN65HVD1050D (at 0 3.4) (layer F.Fab)
      (effects (font (size 1 1) (thickness 0.15)))
    )
    (fp_text user %R (at 0 0.02) (layer F.Fab)
      (effects (font (size 0.98 0.98) (thickness 0.15)))
    )
    (fp_line (start 3.7 -2.7) (end -3.7 -2.7) (layer F.CrtYd) (width 0.05))
    (fp_line (start 3.7 2.7) (end 3.7 -2.7) (layer F.CrtYd) (width 0.05))
    (fp_line (start -3.7 2.7) (end 3.7 2.7) (layer F.CrtYd) (width 0.05))
    (fp_line (start -3.7 -2.7) (end -3.7 2.7) (layer F.CrtYd) (width 0.05))
    (fp_line (start -1.95 -1.475) (end -0.975 -2.45) (layer F.Fab) (width 0.1))
    (fp_line (start -1.95 2.45) (end -1.95 -1.475) (layer F.Fab) (width 0.1))
    (fp_line (start 1.95 2.45) (end -1.95 2.45) (layer F.Fab) (width 0.1))
    (fp_line (start 1.95 -2.45) (end 1.95 2.45) (layer F.Fab) (width 0.1))
    (fp_line (start -0.975 -2.45) (end 1.95 -2.45) (layer F.Fab) (width 0.1))
    (fp_line (start 0 -2.56) (end -3.45 -2.56) (layer F.SilkS) (width 0.12))
    (fp_line (start 0 -2.56) (end 1.95 -2.56) (layer F.SilkS) (width 0.12))
    (fp_line (start 0 2.56) (end -1.95 2.56) (layer F.SilkS) (width 0.12))
    (fp_line (start 0 2.56) (end 1.95 2.56) (layer F.SilkS) (width 0.12))
    (pad 8 smd roundrect (at 2.475 -1.905) (size 1.95 0.6) (layers F.Cu F.Paste F.Mask) (roundrect_rratio 0.25)
      (net 33 "Net-(R14-Pad1)"))
    (pad 7 smd roundrect (at 2.475 -0.635) (size 1.95 0.6) (layers F.Cu F.Paste F.Mask) (roundrect_rratio 0.25)
      (net 4 CAN_H))
    (pad 6 smd roundrect (at 2.475 0.635) (size 1.95 0.6) (layers F.Cu F.Paste F.Mask) (roundrect_rratio 0.25)
      (net 3 CAN_L))
    (pad 5 smd roundrect (at 2.475 1.905) (size 1.95 0.6) (layers F.Cu F.Paste F.Mask) (roundrect_rratio 0.25)
      (net 32 "Net-(R13-Pad1)"))
    (pad 4 smd roundrect (at -2.475 1.905) (size 1.95 0.6) (layers F.Cu F.Paste F.Mask) (roundrect_rratio 0.25)
      (net 34 "Net-(R15-Pad1)"))
    (pad 3 smd roundrect (at -2.475 0.635) (size 1.95 0.6) (layers F.Cu F.Paste F.Mask) (roundrect_rratio 0.25)
      (net 6 +5V))
    (pad 2 smd roundrect (at -2.475 -0.635) (size 1.95 0.6) (layers F.Cu F.Paste F.Mask) (roundrect_rratio 0.25)
      (net 1 GND))
    (pad 1 smd roundrect (at -2.475 -1.905) (size 1.95 0.6) (layers F.Cu F.Paste F.Mask) (roundrect_rratio 0.25)
      (net 102 "Net-(C22-Pad2)"))
    (model ${KISYS3DMOD}/Package_SO.3dshapes/SOIC-8_3.9x4.9mm_P1.27mm.wrl
      (at (xyz 0 0 0))
      (scale (xyz 1 1 1))
      (rotate (xyz 0 0 0))
    )
  )

  (module Resistor_SMD:R_0603_1608Metric (layer F.Cu) (tedit 5B301BBD) (tstamp 5E213C37)
    (at 126.619 135.509 90)
    (descr "Resistor SMD 0603 (1608 Metric), square (rectangular) end terminal, IPC_7351 nominal, (Body size source: http://www.tortai-tech.com/upload/download/2011102023233369053.pdf), generated with kicad-footprint-generator")
    (tags resistor)
    (path /5E22EDDC/5E28BD91)
    (attr smd)
    (fp_text reference R15 (at 0.508 1.397 90) (layer F.SilkS)
      (effects (font (size 0.7 0.7) (thickness 0.12)))
    )
    (fp_text value 0 (at 0 1.43 90) (layer F.Fab)
      (effects (font (size 1 1) (thickness 0.15)))
    )
    (fp_text user %R (at 0 0 90) (layer F.Fab)
      (effects (font (size 0.4 0.4) (thickness 0.06)))
    )
    (fp_line (start 1.48 0.73) (end -1.48 0.73) (layer F.CrtYd) (width 0.05))
    (fp_line (start 1.48 -0.73) (end 1.48 0.73) (layer F.CrtYd) (width 0.05))
    (fp_line (start -1.48 -0.73) (end 1.48 -0.73) (layer F.CrtYd) (width 0.05))
    (fp_line (start -1.48 0.73) (end -1.48 -0.73) (layer F.CrtYd) (width 0.05))
    (fp_line (start -0.162779 0.51) (end 0.162779 0.51) (layer F.SilkS) (width 0.12))
    (fp_line (start -0.162779 -0.51) (end 0.162779 -0.51) (layer F.SilkS) (width 0.12))
    (fp_line (start 0.8 0.4) (end -0.8 0.4) (layer F.Fab) (width 0.1))
    (fp_line (start 0.8 -0.4) (end 0.8 0.4) (layer F.Fab) (width 0.1))
    (fp_line (start -0.8 -0.4) (end 0.8 -0.4) (layer F.Fab) (width 0.1))
    (fp_line (start -0.8 0.4) (end -0.8 -0.4) (layer F.Fab) (width 0.1))
    (pad 2 smd roundrect (at 0.7875 0 90) (size 0.875 0.95) (layers F.Cu F.Paste F.Mask) (roundrect_rratio 0.25)
      (net 103 "Net-(C25-Pad1)"))
    (pad 1 smd roundrect (at -0.7875 0 90) (size 0.875 0.95) (layers F.Cu F.Paste F.Mask) (roundrect_rratio 0.25)
      (net 34 "Net-(R15-Pad1)"))
    (model ${KISYS3DMOD}/Resistor_SMD.3dshapes/R_0603_1608Metric.wrl
      (at (xyz 0 0 0))
      (scale (xyz 1 1 1))
      (rotate (xyz 0 0 0))
    )
  )

  (module Resistor_SMD:R_0603_1608Metric (layer F.Cu) (tedit 5B301BBD) (tstamp 5E180CD0)
    (at 129.413 135.382 90)
    (descr "Resistor SMD 0603 (1608 Metric), square (rectangular) end terminal, IPC_7351 nominal, (Body size source: http://www.tortai-tech.com/upload/download/2011102023233369053.pdf), generated with kicad-footprint-generator")
    (tags resistor)
    (path /5E22EDDC/5DD5BD7B)
    (attr smd)
    (fp_text reference R14 (at 1.524 1.27 90) (layer F.SilkS)
      (effects (font (size 0.7 0.7) (thickness 0.12)))
    )
    (fp_text value 10k (at 0 1.43 90) (layer F.Fab)
      (effects (font (size 1 1) (thickness 0.15)))
    )
    (fp_line (start -0.8 0.4) (end -0.8 -0.4) (layer F.Fab) (width 0.1))
    (fp_line (start -0.8 -0.4) (end 0.8 -0.4) (layer F.Fab) (width 0.1))
    (fp_line (start 0.8 -0.4) (end 0.8 0.4) (layer F.Fab) (width 0.1))
    (fp_line (start 0.8 0.4) (end -0.8 0.4) (layer F.Fab) (width 0.1))
    (fp_line (start -0.162779 -0.51) (end 0.162779 -0.51) (layer F.SilkS) (width 0.12))
    (fp_line (start -0.162779 0.51) (end 0.162779 0.51) (layer F.SilkS) (width 0.12))
    (fp_line (start -1.48 0.73) (end -1.48 -0.73) (layer F.CrtYd) (width 0.05))
    (fp_line (start -1.48 -0.73) (end 1.48 -0.73) (layer F.CrtYd) (width 0.05))
    (fp_line (start 1.48 -0.73) (end 1.48 0.73) (layer F.CrtYd) (width 0.05))
    (fp_line (start 1.48 0.73) (end -1.48 0.73) (layer F.CrtYd) (width 0.05))
    (fp_text user %R (at 0 0 90) (layer F.Fab)
      (effects (font (size 0.4 0.4) (thickness 0.06)))
    )
    (pad 1 smd roundrect (at -0.7875 0 90) (size 0.875 0.95) (layers F.Cu F.Paste F.Mask) (roundrect_rratio 0.25)
      (net 33 "Net-(R14-Pad1)"))
    (pad 2 smd roundrect (at 0.7875 0 90) (size 0.875 0.95) (layers F.Cu F.Paste F.Mask) (roundrect_rratio 0.25)
      (net 1 GND))
    (model ${KISYS3DMOD}/Resistor_SMD.3dshapes/R_0603_1608Metric.wrl
      (at (xyz 0 0 0))
      (scale (xyz 1 1 1))
      (rotate (xyz 0 0 0))
    )
  )

  (module Resistor_SMD:R_0603_1608Metric (layer F.Cu) (tedit 5B301BBD) (tstamp 5E180CBF)
    (at 120.015 126.619 90)
    (descr "Resistor SMD 0603 (1608 Metric), square (rectangular) end terminal, IPC_7351 nominal, (Body size source: http://www.tortai-tech.com/upload/download/2011102023233369053.pdf), generated with kicad-footprint-generator")
    (tags resistor)
    (path /5E22EDDC/5DD67335)
    (attr smd)
    (fp_text reference R12 (at -0.508 -1.27 270) (layer F.SilkS)
      (effects (font (size 0.7 0.7) (thickness 0.12)))
    )
    (fp_text value 0 (at 0 1.43 90) (layer F.Fab)
      (effects (font (size 1 1) (thickness 0.15)))
    )
    (fp_text user %R (at 0 0 90) (layer F.Fab)
      (effects (font (size 0.4 0.4) (thickness 0.06)))
    )
    (fp_line (start 1.48 0.73) (end -1.48 0.73) (layer F.CrtYd) (width 0.05))
    (fp_line (start 1.48 -0.73) (end 1.48 0.73) (layer F.CrtYd) (width 0.05))
    (fp_line (start -1.48 -0.73) (end 1.48 -0.73) (layer F.CrtYd) (width 0.05))
    (fp_line (start -1.48 0.73) (end -1.48 -0.73) (layer F.CrtYd) (width 0.05))
    (fp_line (start -0.162779 0.51) (end 0.162779 0.51) (layer F.SilkS) (width 0.12))
    (fp_line (start -0.162779 -0.51) (end 0.162779 -0.51) (layer F.SilkS) (width 0.12))
    (fp_line (start 0.8 0.4) (end -0.8 0.4) (layer F.Fab) (width 0.1))
    (fp_line (start 0.8 -0.4) (end 0.8 0.4) (layer F.Fab) (width 0.1))
    (fp_line (start -0.8 -0.4) (end 0.8 -0.4) (layer F.Fab) (width 0.1))
    (fp_line (start -0.8 0.4) (end -0.8 -0.4) (layer F.Fab) (width 0.1))
    (pad 2 smd roundrect (at 0.7875 0 90) (size 0.875 0.95) (layers F.Cu F.Paste F.Mask) (roundrect_rratio 0.25)
      (net 31 "Net-(R12-Pad2)"))
    (pad 1 smd roundrect (at -0.7875 0 90) (size 0.875 0.95) (layers F.Cu F.Paste F.Mask) (roundrect_rratio 0.25)
      (net 101 "Net-(C18-Pad1)"))
    (model ${KISYS3DMOD}/Resistor_SMD.3dshapes/R_0603_1608Metric.wrl
      (at (xyz 0 0 0))
      (scale (xyz 1 1 1))
      (rotate (xyz 0 0 0))
    )
  )

  (module Resistor_SMD:R_0603_1608Metric (layer F.Cu) (tedit 5B301BBD) (tstamp 5E21FF93)
    (at 143.637 103.759 270)
